********** counter=1 ****************
HOSiOOOHHH 1 137 209 138 141 142 7 5 6
HOSiOOOHHHOH 2 139 208 136 140 143 118 3 4 199 119
HOH 8 144 9
HOH 10 145 11
HOH 12 146 13
HOH 14 147 15
HOH 16 148 17
HOH 18 149 19
HOH 20 150 21
HOH 22 151 23
HOH 24 152 25
HOH 26 153 27
HOH 28 154 29
HOH 30 155 31
HOH 32 156 33
HOH 34 157 35
HOH 36 158 37
HOH 38 159 39
HOH 40 160 41
HOH 42 161 43
HOH 44 162 45
HOH 46 163 47
HOH 48 164 49
HOH 50 165 51
HOH 52 166 53
HOH 54 167 55
HOH 56 168 57
HOH 58 169 59
HOH 60 170 61
HOH 62 171 63
HOH 64 172 65
HOH 66 173 67
HOH 68 174 69
HOH 70 175 71
HOH 72 176 73
HOH 74 177 75
HOH 76 178 77
HOH 78 179 79
HOH 80 180 81
HOH 82 181 83
HOH 84 182 85
HOH 86 183 87
HOH 88 184 89
HOH 90 185 91
HOH 92 186 93
HOH 94 187 95
HOH 96 188 97
HOH 98 189 99
HOH 100 190 101
HOH 102 191 103
HOH 104 192 105
HOH 106 193 107
HOH 108 194 109
HOH 110 195 111
HOH 112 196 113
HOH 114 197 115
HOH 116 198 117
HOH 120 200 121
HOH 122 201 123
HOH 124 202 125
HOH 126 203 127
HOH 128 204 129
HOH 130 205 131
HOH 132 206 133
HOH 134 207 135
Na 210
********** counter=2 ****************
HOSiOOOHHH 1 137 209 138 141 142 7 5 6
HOSiOOOHHHOH 2 139 208 136 140 143 118 3 4 199 119
HOH 8 144 9
HOH 10 145 11
HOH 12 146 13
HOH 14 147 15
HOH 16 148 17
HOH 18 149 19
HOH 20 150 21
HOH 22 151 23
HOH 24 152 25
HOH 26 153 27
HOH 28 154 29
HOH 30 155 31
HOH 32 156 33
HOH 34 157 35
HOH 36 158 37
HOH 38 159 39
HOH 40 160 41
HOH 42 161 43
HOH 44 162 45
HOH 46 163 47
HOH 48 164 49
HOH 50 165 51
HOH 52 166 53
HOH 54 167 55
HOH 56 168 57
HOH 58 169 59
HOH 60 170 61
HOH 62 171 63
HOH 64 172 65
HOH 66 173 67
HOH 68 174 69
HOH 70 175 71
HOH 72 176 73
HOH 74 177 75
HOH 76 178 77
HOH 78 179 79
HOH 80 180 81
HOH 82 181 83
HOH 84 182 85
HOH 86 183 87
HOH 88 184 89
HOH 90 185 91
HOH 92 186 93
HOH 94 187 95
HOH 96 188 97
HOH 98 189 99
HOH 100 190 101
HOH 102 191 103
HOH 104 192 105
HOH 106 193 107
HOH 108 194 109
HOH 110 195 111
HOH 112 196 113
HOH 114 197 115
HOH 116 198 117
HOH 120 200 121
HOH 122 201 123
HOH 124 202 125
HOH 126 203 127
HOH 128 204 129
HOH 130 205 131
HOH 132 206 133
HOH 134 207 135
Na 210
********** counter=3 ****************
HOSiOOOHHH 1 137 209 138 141 142 7 5 6
HOSiOOOHH 2 139 208 136 140 143 3 4
HOH 8 144 9
HOH 10 145 11
HOH 12 146 13
HOH 14 147 15
HOH 16 148 17
HOH 18 149 19
HOH 20 150 21
HOH 22 151 23
HOH 24 152 25
HOH 26 153 27
HOH 28 154 29
HOH 30 155 31
HOH 32 156 33
HOH 34 157 35
HOH 36 158 37
HOH 38 159 39
HOH 40 160 41
HOH 42 161 43
HOH 44 162 45
HOH 46 163 47
HOH 48 164 49
HOH 50 165 51
HOH 52 166 53
HOH 54 167 55
HOH 56 168 57
HOH 58 169 59
HOH 60 170 61
HOH 62 171 63
HOH 64 172 65
HOH 66 173 67
HOH 68 174 69
HOH 70 175 71
HOH 72 176 73
HOH 74 177 75
HOH 76 178 77
HOH 78 179 79
HOH 80 180 81
HOH 82 181 83
HOH 84 182 85
HOH 86 183 87
HOH 88 184 89
HOH 90 185 91
HOH 92 186 93
HOH 94 187 95
HOH 96 188 97
HOH 98 189 99
HOH 100 190 101
HOH 102 191 103
HOH 104 192 105
HOH 106 193 107
HOH 108 194 109
HOH 110 195 111
HOH 112 196 113
HOH 114 197 115
HOH 116 198 117
HOH 118 199 119
HOH 120 200 121
HOH 122 201 123
HOH 124 202 125
HOH 126 203 127
HOH 128 204 129
HOH 130 205 131
HOH 132 206 133
HOH 134 207 135
Na 210
********** counter=4 ****************
HOSiOOOHHH 1 137 209 138 141 142 7 5 6
HOSiOOOHHHOH 2 139 208 136 140 143 26 3 4 153 27
HOH 8 144 9
HOH 10 145 11
HOH 12 146 13
HOH 14 147 15
HOH 16 148 17
HOH 18 149 19
HOH 20 150 21
HOH 22 151 23
HOH 24 152 25
HOH 28 154 29
HOH 30 155 31
HOH 32 156 33
HOH 34 157 35
HOH 36 158 37
HOH 38 159 39
HOH 40 160 41
HOH 42 161 43
HOH 44 162 45
HOH 46 163 47
HOH 48 164 49
HOH 50 165 51
HOH 52 166 53
HOH 54 167 55
HOH 56 168 57
HOH 58 169 59
HOH 60 170 61
HOH 62 171 63
HOH 64 172 65
HOH 66 173 67
HOH 68 174 69
HOH 70 175 71
HOH 72 176 73
HOH 74 177 75
HOH 76 178 77
HOH 78 179 79
HOH 80 180 81
HOH 82 181 83
HOH 84 182 85
HOH 86 183 87
HOH 88 184 89
HOH 90 185 91
HOH 92 186 93
HOH 94 187 95
HOH 96 188 97
HOH 98 189 99
HOH 100 190 101
HOH 102 191 103
HOH 104 192 105
HOH 106 193 107
HOH 108 194 109
HOH 110 195 111
HOH 112 196 113
HOH 114 197 115
HOH 116 198 117
HOH 118 199 119
HOH 120 200 121
HOH 122 201 123
HOH 124 202 125
HOH 126 203 127
HOH 128 204 129
HOH 130 205 131
HOH 132 206 133
HOH 134 207 135
Na 210
********** counter=5 ****************
HOSiOOOHHH 1 137 209 138 141 142 7 5 6
HOSiOOOHHHOH 2 139 208 136 140 143 118 3 4 199 119
HOH 8 144 9
HOH 10 145 11
HOH 12 146 13
HOH 14 147 15
HOH 16 148 17
HOH 18 149 19
HOH 20 150 21
HOH 22 151 23
HOH 24 152 25
HOH 26 153 27
HOH 28 154 29
HOH 30 155 31
HOH 32 156 33
HOH 34 157 35
HOH 36 158 37
HOH 38 159 39
HOH 40 160 41
HOH 42 161 43
HOH 44 162 45
HOH 46 163 47
HOH 48 164 49
HOH 50 165 51
HOH 52 166 53
HOH 54 167 55
HOH 56 168 57
HOH 58 169 59
HOH 60 170 61
HOH 62 171 63
HOH 64 172 65
HOH 66 173 67
HOH 68 174 69
HOH 70 175 71
HOH 72 176 73
HOH 74 177 75
HOH 76 178 77
HOH 78 179 79
HOH 80 180 81
HOH 82 181 83
HOH 84 182 85
HOH 86 183 87
HOH 88 184 89
HOH 90 185 91
HOH 92 186 93
HOH 94 187 95
HOH 96 188 97
HOH 98 189 99
HOH 100 190 101
HOH 102 191 103
HOH 104 192 105
HOH 106 193 107
HOH 108 194 109
HOH 110 195 111
HOH 112 196 113
HOH 114 197 115
HOH 116 198 117
HOH 120 200 121
HOH 122 201 123
HOH 124 202 125
HOH 126 203 127
HOH 128 204 129
HOH 130 205 131
HOH 132 206 133
HOH 134 207 135
Na 210
********** counter=6 ****************
HOSiOOOHHH 1 137 209 138 141 142 7 5 6
HOSiOOOHH 2 139 208 136 140 143 3 4
HOH 8 144 9
HOH 10 145 11
HOH 12 146 13
HOH 14 147 15
HOH 16 148 17
HOH 18 149 19
HOH 20 150 21
HOH 22 151 23
HOH 24 152 25
HOH 26 153 27
HOH 28 154 29
HOH 30 155 31
HOH 32 156 33
HOH 34 157 35
HOH 36 158 37
HOH 38 159 39
HOH 40 160 41
HOH 42 161 43
HOH 44 162 45
HOH 46 163 47
HOH 48 164 49
HOH 50 165 51
HOH 52 166 53
HOH 54 167 55
HOH 56 168 57
HOH 58 169 59
HOH 60 170 61
HOH 62 171 63
HOH 64 172 65
HOH 66 173 67
HOH 68 174 69
HOH 70 175 71
HOH 72 176 73
HOH 74 177 75
HOH 76 178 77
HOH 78 179 79
HOH 80 180 81
HOH 82 181 83
HOH 84 182 85
HOH 86 183 87
HOH 88 184 89
HOH 90 185 91
HOH 92 186 93
HOH 94 187 95
HOH 96 188 97
HOH 98 189 99
HOH 100 190 101
HOH 102 191 103
HOH 104 192 105
HOH 106 193 107
HOH 108 194 109
HOH 110 195 111
HOH 112 196 113
HOH 114 197 115
HOH 116 198 117
HOH 118 199 119
HOH 120 200 121
HOH 122 201 123
HOH 124 202 125
HOH 126 203 127
HOH 128 204 129
HOH 130 205 131
HOH 132 206 133
HOH 134 207 135
Na 210
********** counter=7 ****************
HOSiOOOHHH 1 137 209 138 141 142 7 5 6
HOSiOOOHH 2 139 208 136 140 143 3 4
HOH 8 144 9
HOH 10 145 11
HOH 12 146 13
HOH 14 147 15
HOH 16 148 17
HOH 18 149 19
HOH 20 150 21
HOH 22 151 23
HOH 24 152 25
HOH 26 153 27
HOH 28 154 29
HOH 30 155 31
HOH 32 156 33
HOH 34 157 35
HOH 36 158 37
HOH 38 159 39
HOH 40 160 41
HOH 42 161 43
HOH 44 162 45
HOH 46 163 47
HOH 48 164 49
HOH 50 165 51
HOH 52 166 53
HOH 54 167 55
HOH 56 168 57
HOH 58 169 59
HOH 60 170 61
HOH 62 171 63
HOH 64 172 65
HOH 66 173 67
HOH 68 174 69
HOH 70 175 71
HOH 72 176 73
HOH 74 177 75
HOH 76 178 77
HOH 78 179 79
HOH 80 180 81
HOH 82 181 83
HOH 84 182 85
HOH 86 183 87
HOH 88 184 89
HOH 90 185 91
HOH 92 186 93
HOH 94 187 95
HOH 96 188 97
HOH 98 189 99
HOH 100 190 101
HOH 102 191 103
HOH 104 192 105
HOH 106 193 107
HOH 108 194 109
HOH 110 195 111
HOH 112 196 113
HOH 114 197 115
HOH 116 198 117
HOH 118 199 119
HOH 120 200 121
HOH 122 201 123
HOH 124 202 125
HOH 126 203 127
HOH 128 204 129
HOH 130 205 131
HOH 132 206 133
HOH 134 207 135
Na 210
********** counter=8 ****************
HOSiOOOHHH 1 137 209 138 141 142 7 5 6
HOSiOOOHH 2 139 208 136 140 143 3 4
HOH 8 144 9
HOH 10 145 11
HOH 12 146 13
HOH 14 147 15
HOH 16 148 17
HOH 18 149 19
HOH 20 150 21
HOH 22 151 23
HOH 24 152 25
HOH 26 153 27
HOH 28 154 29
HOH 30 155 31
HOH 32 156 33
HOH 34 157 35
HOH 36 158 37
HOH 38 159 39
HOH 40 160 41
HOH 42 161 43
HOH 44 162 45
HOH 46 163 47
HOH 48 164 49
HOH 50 165 51
HOH 52 166 53
HOH 54 167 55
HOH 56 168 57
HOH 58 169 59
HOH 60 170 61
HOH 62 171 63
HOH 64 172 65
HOH 66 173 67
HOH 68 174 69
HOH 70 175 71
HOH 72 176 73
HOH 74 177 75
HOH 76 178 77
HOH 78 179 79
HOH 80 180 81
HOH 82 181 83
HOH 84 182 85
HOH 86 183 87
HOH 88 184 89
HOH 90 185 91
HOH 92 186 93
HOH 94 187 95
HOH 96 188 97
HOH 98 189 99
HOH 100 190 101
HOH 102 191 103
HOH 104 192 105
HOH 106 193 107
HOH 108 194 109
HOH 110 195 111
HOH 112 196 113
HOH 114 197 115
HOH 116 198 117
HOH 118 199 119
HOH 120 200 121
HOH 122 201 123
HOH 124 202 125
HOH 126 203 127
HOH 128 204 129
HOH 130 205 131
HOH 132 206 133
HOH 134 207 135
Na 210
********** counter=9 ****************
HOSiOOOHHH 1 137 209 138 141 142 7 5 6
HOSiOOOHHH 2 139 208 136 140 143 118 3 4
HOH 8 144 9
HOH 10 145 11
HOH 12 146 13
HOH 14 147 15
HOH 16 148 17
HOH 18 149 19
HOH 20 150 21
HOH 22 151 23
HOH 24 152 25
HOH 26 153 27
HOH 28 154 29
HOH 30 155 31
HOH 32 156 33
HOH 34 157 35
HOH 36 158 37
HOH 38 159 39
HOH 40 160 41
HOH 42 161 43
HOH 44 162 45
HOH 46 163 47
HOH 48 164 49
HOH 50 165 51
HOH 52 166 53
HOH 54 167 55
HOH 56 168 57
HOH 58 169 59
HOH 60 170 61
HOH 62 171 63
HOH 64 172 65
HOH 66 173 67
HOH 68 174 69
HOH 70 175 71
HOH 72 176 73
HOH 74 177 75
HOH 76 178 77
HOH 78 179 79
HOH 80 180 81
HOH 82 181 83
HOH 84 182 85
HOH 86 183 87
HOH 88 184 89
HOH 90 185 91
HOH 92 186 93
HOH 94 187 95
HOH 96 188 97
HOH 98 189 99
HOH 100 190 101
HOH 102 191 103
HOH 104 192 105
HOH 106 193 107
HOH 108 194 109
HOH 110 195 111
HOH 112 196 113
HOH 114 197 115
HOH 116 198 117
HO 119 199
HOH 120 200 121
HOH 122 201 123
HOH 124 202 125
HOH 126 203 127
HOH 128 204 129
HOH 130 205 131
HOH 132 206 133
HOH 134 207 135
Na 210
